0.00000 811.90530 19.00000 2.00000 99.34452
1.00000 73.29000 4.00000 2.00000 99.77260
2.00000 6.07260 1.00000 3.00000 82.53103
3.00000 39.15200 1.00000 3.00000 83.24897
4.00000 344.07070 21.00000 2.00000 99.92505
5.00000 62.48900 2.00000 3.00000 82.32768
6.00000 110.13720 8.00000 2.00000 99.97553
7.00000 116.08500 7.00000 2.00000 99.97287
8.00000 29.96830 4.00000 2.00000 87.77291
9.00000 113.03200 4.00000 2.00000 98.94854
10.00000 35.93720 4.00000 2.00000 98.33471
11.00000 12.00610 2.00000 3.00000 82.51375
12.00000 119.60860 5.00000 2.00000 99.24846
13.00000 111.19940 8.00000 2.00000 99.96699
14.00000 363.33770 16.00000 2.00000 99.94006
15.00000 48.67600 2.00000 3.00000 81.85039
16.00000 359.11450 7.00000 2.00000 99.93518
17.00000 12.19000 1.00000 3.00000 82.52976
18.00000 305.97200 17.00000 2.00000 99.91702
19.00000 203.29010 14.00000 2.00000 99.95395
20.00000 183.39820 12.00000 2.00000 99.84239
21.00000 13.87800 1.00000 3.00000 82.52951
22.00000 180.01290 6.00000 2.00000 99.96614
23.00000 325.58960 20.00000 2.00000 99.92448
24.00000 115.70500 8.00000 2.00000 99.97067
25.00000 101.92900 4.00000 2.00000 99.07978
26.00000 61.79890 4.00000 2.00000 94.92424
27.00000 153.80600 9.00000 2.00000 99.93671
28.00000 101.32310 7.00000 2.00000 99.96669
29.00000 366.32860 23.00000 2.00000 99.96580
30.00000 28.66400 2.00000 3.00000 81.52879
31.00000 2601.13270 70.00000 2.00000 99.99990
32.00000 117.26700 7.00000 2.00000 99.97452
33.00000 5.51350 1.00000 3.00000 82.53103
34.00000 260.26430 8.00000 2.00000 99.88612
35.00000 107.04200 4.00000 2.00000 99.97080
36.00000 116.21350 6.00000 2.00000 99.97595
37.00000 105.16400 3.00000 2.00000 99.86348
38.00000 75.22720 4.00000 2.00000 99.79181
39.00000 67.80300 3.00000 3.00000 61.65626
40.00000 272.62910 15.00000 2.00000 99.94777
41.00000 97.74400 3.00000 2.00000 99.94389
42.00000 396.05990 6.00000 2.00000 99.95764
43.00000 76.40960 3.00000 2.00000 62.90357
44.00000 255.87990 6.00000 2.00000 99.95958
45.00000 99.26630 6.00000 2.00000 99.96194
46.00000 91.14000 7.00000 2.00000 99.84231
47.00000 103.42660 5.00000 2.00000 99.93361
48.00000 78.55300 2.00000 3.00000 83.97047
49.00000 160.02320 11.00000 2.00000 99.88589
50.00000 204.32310 8.00000 2.00000 99.96761
51.00000 85.87410 4.00000 2.00000 99.65759
52.00000 66.57000 2.00000 2.00000 97.09896
53.00000 59.44100 1.00000 3.00000 84.32931
54.00000 92.00000 5.00000 2.00000 99.93283
55.00000 16.70600 1.00000 3.00000 82.52910
56.00000 84.78400 1.00000 3.00000 85.47286
57.00000 110.48590 5.00000 2.00000 99.92655
58.00000 41.85000 2.00000 3.00000 63.40517
